              precision    recall  f1-score   support

           0     0.9878    0.9949    0.9914       980
           1     0.9930    0.9956    0.9943      1135
           2     0.9884    0.9922    0.9903      1032
           3     0.9921    0.9941    0.9931      1010
           4     0.9918    0.9868    0.9893       982
           5     0.9899    0.9888    0.9893       892
           6     0.9937    0.9916    0.9927       958
           7     0.9912    0.9864    0.9888      1028
           8     0.9897    0.9908    0.9903       974
           9     0.9851    0.9812    0.9831      1009

    accuracy                         0.9903     10000
   macro avg     0.9903    0.9902    0.9903     10000
weighted avg     0.9903    0.9903    0.9903     10000
