              precision    recall  f1-score   support

           0     0.9909    0.9980    0.9944       980
           1     0.9930    0.9991    0.9960      1135
           2     0.9922    0.9903    0.9913      1032
           3     0.9902    0.9960    0.9931      1010
           4     0.9919    0.9929    0.9924       982
           5     0.9944    0.9899    0.9921       892
           6     0.9968    0.9896    0.9932       958
           7     0.9951    0.9903    0.9927      1028
           8     0.9948    0.9908    0.9928       974
           9     0.9901    0.9911    0.9906      1009

    accuracy                         0.9929     10000
   macro avg     0.9929    0.9928    0.9929     10000
weighted avg     0.9929    0.9929    0.9929     10000
