              precision    recall  f1-score   support

           0     0.9919    0.9990    0.9954       980
           1     0.9947    0.9947    0.9947      1135
           2     0.9942    0.9942    0.9942      1032
           3     0.9911    0.9950    0.9931      1010
           4     0.9949    0.9837    0.9892       982
           5     0.9921    0.9888    0.9905       892
           6     0.9947    0.9875    0.9911       958
           7     0.9932    0.9883    0.9907      1028
           8     0.9928    0.9877    0.9902       974
           9     0.9757    0.9950    0.9853      1009

    accuracy                         0.9915     10000
   macro avg     0.9915    0.9914    0.9914     10000
weighted avg     0.9915    0.9915    0.9915     10000
