              precision    recall  f1-score   support

           0     0.9929    0.9990    0.9959       980
           1     0.9947    0.9974    0.9960      1135
           2     0.9981    0.9922    0.9951      1032
           3     0.9951    0.9960    0.9955      1010
           4     0.9949    0.9969    0.9959       982
           5     0.9977    0.9899    0.9938       892
           6     0.9989    0.9916    0.9953       958
           7     0.9856    0.9981    0.9918      1028
           8     0.9979    0.9918    0.9949       974
           9     0.9950    0.9960    0.9955      1009

    accuracy                         0.9950     10000
   macro avg     0.9951    0.9949    0.9950     10000
weighted avg     0.9950    0.9950    0.9950     10000
