              precision    recall  f1-score   support

           0     0.9959    0.9969    0.9964       980
           1     0.9912    0.9974    0.9943      1135
           2     0.9952    0.9961    0.9956      1032
           3     0.9960    0.9980    0.9970      1010
           4     0.9929    0.9929    0.9929       982
           5     0.9989    0.9899    0.9944       892
           6     0.9948    0.9896    0.9922       958
           7     0.9893    0.9903    0.9898      1028
           8     0.9949    0.9979    0.9964       974
           9     0.9921    0.9901    0.9911      1009

    accuracy                         0.9940     10000
   macro avg     0.9941    0.9939    0.9940     10000
weighted avg     0.9940    0.9940    0.9940     10000
