              precision    recall  f1-score   support

           0     0.9919    0.9990    0.9954       980
           1     0.9974    0.9982    0.9978      1135
           2     0.9961    0.9942    0.9952      1032
           3     0.9921    0.9960    0.9941      1010
           4     0.9969    0.9959    0.9964       982
           5     0.9955    0.9899    0.9927       892
           6     0.9979    0.9937    0.9958       958
           7     0.9922    0.9961    0.9942      1028
           8     0.9959    0.9928    0.9943       974
           9     0.9921    0.9911    0.9916      1009

    accuracy                         0.9948     10000
   macro avg     0.9948    0.9947    0.9947     10000
weighted avg     0.9948    0.9948    0.9948     10000
