              precision    recall  f1-score   support

           0     0.9959    0.9980    0.9969       980
           1     0.9930    0.9938    0.9934      1135
           2     0.9951    0.9922    0.9937      1032
           3     0.9902    0.9970    0.9936      1010
           4     0.9897    0.9827    0.9862       982
           5     0.9888    0.9933    0.9911       892
           6     0.9926    0.9864    0.9895       958
           7     0.9874    0.9922    0.9898      1028
           8     0.9969    0.9908    0.9938       974
           9     0.9862    0.9891    0.9876      1009

    accuracy                         0.9916     10000
   macro avg     0.9916    0.9916    0.9916     10000
weighted avg     0.9916    0.9916    0.9916     10000
