              precision    recall  f1-score   support

           0     0.9859    0.9990    0.9924       980
           1     0.9895    0.9991    0.9943      1135
           2     0.9990    0.9884    0.9937      1032
           3     0.9921    0.9980    0.9951      1010
           4     0.9959    0.9908    0.9934       982
           5     0.9977    0.9899    0.9938       892
           6     0.9989    0.9823    0.9905       958
           7     0.9875    0.9981    0.9927      1028
           8     0.9990    0.9877    0.9933       974
           9     0.9843    0.9931    0.9887      1009

    accuracy                         0.9928     10000
   macro avg     0.9930    0.9926    0.9928     10000
weighted avg     0.9929    0.9928    0.9928     10000
