              precision    recall  f1-score   support

           0     0.9838    0.9918    0.9878       980
           1     0.9956    0.9859    0.9907      1135
           2     0.9760    0.9855    0.9807      1032
           3     0.9660    0.9842    0.9750      1010
           4     0.9736    0.9776    0.9756       982
           5     0.9841    0.9697    0.9768       892
           6     0.9780    0.9729    0.9754       958
           7     0.9862    0.9708    0.9784      1028
           8     0.9751    0.9630    0.9690       974
           9     0.9620    0.9772    0.9695      1009

    accuracy                         0.9781     10000
   macro avg     0.9780    0.9779    0.9779     10000
weighted avg     0.9782    0.9781    0.9781     10000
